"activity","subject","tBodyAccstdX","tBodyAccstdY","tBodyAccstdZ","tGravityAccmeanX","tGravityAccmeanY","tGravityAccmeanZ","tGravityAccstdX","tGravityAccstdY","tGravityAccstdZ","tBodyAccJerkstdX","tBodyAccJerkstdY","tBodyAccJerkstdZ","tBodyGyroJerkstdX","tBodyGyroJerkstdY","tBodyGyroJerkstdZ","fBodyAccmeanX","fBodyAccmeanY","fBodyAccmeanZ","fBodyAccstdX","fBodyAccstdY","fBodyAccstdZ","fBodyAccJerkstdX","fBodyAccJerkstdY","fBodyAccJerkstdZ"
1,1,-0.283740258842105,0.114461336747368,-0.260027902210526,0.935223201473684,-0.282165021263158,-0.068102864,-0.976609642526316,-0.971305961473684,-0.947717226105263,-0.113615602435789,0.0670025007684211,-0.502699788526316,-0.207421854757895,-0.304468510631579,-0.404255452631579,-0.202794306326316,0.0897127264021053,-0.331560117789474,-0.319134719578947,0.056040006846,-0.279686751494737,-0.133586606326316,0.106739857136,-0.534713440421053
2,1,-0.35470802509434,-0.00232026501698113,-0.0194792388471698,0.89335109754717,-0.362153364339623,-0.075402939754717,-0.956367027924528,-0.952849233207547,-0.912379410377358,-0.446843887735849,-0.378274426037736,-0.706593530943396,-0.614786508490566,-0.601696656226415,-0.606332002264151,-0.404321784150943,-0.190976720811321,-0.433349702075472,-0.337428188679245,0.0217695106566038,0.0859565543849057,-0.461907025849057,-0.381777065283019,-0.726040200754717
3,1,0.0300353383483878,-0.0319359434489796,-0.230434213204082,0.931874418979592,-0.266610338979592,-0.0621199585938775,-0.950559811632653,-0.937018658979592,-0.895939695102041,-0.012283860544898,-0.101601390640816,-0.345735032326531,-0.487027342244898,-0.238824827530612,-0.268761480242857,0.0382291831510204,0.00154990783591837,-0.225574471693878,0.0243308391387755,-0.112963739953061,-0.297927894693878,-0.0863278966402041,-0.134580008877551,-0.401721464285714
4,1,-0.977229008297872,-0.922618641914894,-0.93958629106383,0.831509933404255,0.204411592680851,0.332043702765957,-0.968457145744681,-0.935517055957447,-0.949040933191489,-0.986430711276596,-0.981371965319149,-0.987910804468085,-0.99173159212766,-0.989518068510638,-0.987935806382979,-0.979641238723404,-0.944084550425532,-0.959184889148936,-0.976412313191489,-0.917275006382979,-0.934469558085106,-0.987492994468085,-0.982513909574468,-0.988339184893617
5,1,-0.995759901509434,-0.973190056415094,-0.979775876981132,0.942952000377358,-0.272983832264151,0.0134905823226415,-0.99376298509434,-0.981225957924528,-0.976324063584906,-0.994604542264151,-0.98564873245283,-0.992251177358491,-0.992945106981132,-0.995137917358491,-0.992108467169811,-0.995249932641509,-0.977070847735849,-0.985297098679245,-0.99602834509434,-0.972293102075472,-0.977937259622642,-0.995073759245283,-0.987018226792453,-0.992349818113208
6,1,-0.9280564692,-0.83682740562,-0.826061401628,-0.24888179828,0.70554977346,0.4458177198,-0.8968300184,-0.90772000676,-0.85236629022,-0.958482112,-0.9241492736,-0.9548551108,-0.9186085208,-0.9679072436,-0.9577901596,-0.9390990524,-0.86706520518,-0.8826668762,-0.9244374346,-0.8336255561,-0.81289155944,-0.9641607086,-0.9322178704,-0.9605869872
1,2,-0.423642838474576,-0.0780912533118644,-0.425257524915254,0.91301733338983,-0.34660709,0.0847270871186441,-0.972693201355932,-0.972116879661017,-0.972072847627119,-0.277530462620339,-0.0166022362847458,-0.586090418983051,-0.389549831525424,-0.634140436101695,-0.435492677288136,-0.346048161016949,-0.0219048103322034,-0.453806369830508,-0.457651383728814,-0.16921968620339,-0.455222146440678,-0.31431306340678,-0.0153329520084746,-0.615898188474576
2,2,-0.304376406458333,0.108027279889583,-0.112121021220833,0.790717418541667,-0.416214890416667,-0.195888238891667,-0.934407739791667,-0.92376745375,-0.878004056875,-0.276121886479167,-0.185648954220833,-0.5737463525,-0.464854363125,-0.645491337708333,-0.467595961041667,-0.266720933270833,0.00992445881854167,-0.281001986202083,-0.320582414375,0.0848802791083333,-0.09454497643125,-0.365415441458333,-0.243554146666667,-0.625090981458333
3,2,0.0463666814446808,0.262881788951064,-0.10283790806383,0.861831345531915,-0.325780100638298,-0.0438890162723404,-0.940361759574468,-0.940068525531915,-0.931438313191489,0.147249143238298,0.126828014557447,-0.340122023191489,-0.243940592553192,-0.469396701106383,-0.218266318606383,0.112841160325532,0.278345041765957,-0.131290772,0.0161046198595745,0.171973972957447,-0.162032894287234,0.0499590624829787,0.0808333491276596,-0.408227423191489
4,2,-0.986822279565217,-0.950704499130435,-0.95982817173913,0.940477273043478,-0.105630024498783,0.19872676876087,-0.979988760869565,-0.956750273043478,-0.954415873043478,-0.988055854130435,-0.977983955434783,-0.98751821173913,-0.989709023043478,-0.990889614782609,-0.985542325652174,-0.985803840652174,-0.957343498478261,-0.970162172608696,-0.98736209,-0.950073754130435,-0.956862864130435,-0.989459107391304,-0.980804228478261,-0.988570804130435
5,2,-0.987271889259259,-0.957304989259259,-0.949741851296296,0.896928566851852,-0.370062696851852,0.129747161222222,-0.986685818703704,-0.97419442037037,-0.945927078703704,-0.981085715555556,-0.97105943962963,-0.982841446481482,-0.979324000740741,-0.983447258518519,-0.973610118333333,-0.983946739814815,-0.959871697407407,-0.962471195740741,-0.989056469814815,-0.957908842222222,-0.946433583518518,-0.983007923703704,-0.973520241111111,-0.984599905185185
6,2,-0.974059464791667,-0.98027739875,-0.984233296875,-0.509754238125,0.752536639375,0.646834879583333,-0.959014441458333,-0.988211865208333,-0.984230418125,-0.98587216875,-0.98317254125,-0.988442014375,-0.993235849166667,-0.989567537916667,-0.98803582125,-0.976725059791667,-0.979800877916667,-0.984380981875,-0.973246482083333,-0.981025105625,-0.984792185,-0.987250255833333,-0.984987392916667,-0.989345368541667
1,3,-0.360356726034483,-0.0699140652103448,-0.387411994310345,0.936506743275862,-0.261986357931034,-0.138107866258621,-0.97777159137931,-0.962355639482759,-0.952091795,-0.26867964387931,-0.0449619594258621,-0.52948611637931,-0.385922986034483,-0.639087984137931,-0.536664080344828,-0.316614011689655,-0.0813024353275862,-0.412374074482759,-0.379276781206897,-0.124030832001724,-0.422998473965517,-0.296596633103448,-0.00561498755362069,-0.543529108103448
2,3,-0.313123437627119,0.0116280813372881,-0.369754604067797,0.883533436101695,-0.382851153728814,-0.162943955254237,-0.944040819322034,-0.909825953898305,-0.909469675084746,-0.458364616949153,-0.251680364540678,-0.708551711864407,-0.507270757966102,-0.775774143389831,-0.573433947627119,-0.392004211474576,-0.0788094156644068,-0.504494528474576,-0.285333024050847,-0.00803987529661017,-0.350797226271186,-0.486446509661017,-0.268191523644068,-0.738705863898305
3,3,-0.0574100475102041,-0.0331503723387755,-0.362240245489796,0.939057787755102,-0.228829214285714,-0.102352758040816,-0.950061129591837,-0.946094637755102,-0.899943947755102,-0.0858010042244898,-0.111439194979592,-0.571735243061224,-0.285683162346939,-0.680947338163265,-0.374605412306122,-0.0421706943244898,-0.00770048300204082,-0.404452414285714,-0.0654417192653061,-0.109722354322449,-0.389723034061224,-0.165442898685714,-0.14772824006198,-0.613525074285714
4,3,-0.971010120961538,-0.856617812115385,-0.875110175384615,0.901098984615385,0.127303379245962,0.139020582461538,-0.957324457884615,-0.903923008269231,-0.897736318269231,-0.974467390384615,-0.953631390961538,-0.974661565961538,-0.972546905961538,-0.978635908653846,-0.973751670576923,-0.970154440961538,-0.891907751346154,-0.917987925384615,-0.971605878461538,-0.8496556575,-0.864322464038462,-0.976283534807692,-0.956461756730769,-0.9771595725
5,3,-0.96674254295082,-0.893449307213115,-0.911419015081967,0.93503077852459,-0.301735130327869,0.024763106752459,-0.982020428032787,-0.957425321803279,-0.928161577377049,-0.957086489344262,-0.941686785737705,-0.973059634918033,-0.940937642459016,-0.968433747868853,-0.958293011803279,-0.960123409508197,-0.908075353770492,-0.939507735245902,-0.969931287377049,-0.89243434852459,-0.904801254590164,-0.960570921803279,-0.943948547213115,-0.975595949508197
6,3,-0.982776639193548,-0.962057544516129,-0.96369103483871,-0.241758478064516,0.837032099677419,0.48870318516129,-0.982512193064516,-0.981202749677419,-0.964807543870968,-0.98087931483871,-0.968710724677419,-0.982093162903226,-0.980328645,-0.986762741935484,-0.983338279516129,-0.980665609032258,-0.961169982903226,-0.968332141612903,-0.983691129032258,-0.964094604193548,-0.96327908016129,-0.983122615967742,-0.971044012741936,-0.983711904677419
1,4,-0.440829971333333,-0.0788267367683333,-0.586252806833333,0.963999696833333,-0.0858540265666667,0.127764112666667,-0.983826494833333,-0.967963221,-0.962968112,-0.297042612533333,-0.221165131581667,-0.7513913825,-0.492341066833333,-0.807419937,-0.640454132833333,-0.426719449666667,-0.14939963344,-0.631005470833333,-0.447234929666667,-0.101799450565167,-0.594198325666667,-0.29732607245,-0.2099000063,-0.772359087333333
2,4,-0.204933042903846,-0.0666899105180769,-0.372137777692308,0.946264314423077,-0.232944304615385,0.0841675382884615,-0.958495235576923,-0.923376019038462,-0.919619453269231,-0.380488027307692,-0.281543175326923,-0.726495311923077,-0.533666803846154,-0.840722752692308,-0.556236584807692,-0.294488270365385,-0.117109161492308,-0.524655722692308,-0.173217219014423,-0.101434446040385,-0.345109817692308,-0.396762584807692,-0.314525030788462,-0.762772175
3,4,0.0111935496222222,-0.21859832499,-0.479185977111111,0.947731858666667,-0.0620852772955556,0.148714808888889,-0.955258881333333,-0.932066041111111,-0.937753794444444,-0.145759708684667,-0.146242294857778,-0.626646986888889,-0.395995494444444,-0.816858240222222,-0.325780073711111,-0.0722392276888889,-0.129606639466667,-0.494683451555556,0.0390098262533333,-0.32253131772,-0.512694303111111,-0.208250062317778,-0.177202094317778,-0.668867334444444
4,4,-0.980309931,-0.89022398108,-0.9322030066,0.8693030064,0.211622539936894,0.11012048108,-0.9814052948,-0.93272710386,-0.9509492546,-0.9767421962,-0.9445961056,-0.9790387658,-0.9698997312,-0.984441358,-0.9688048316,-0.9774624984,-0.9057829318,-0.9517837432,-0.9819081892,-0.8894673494,-0.9269993168,-0.9787769122,-0.949293158,-0.9816994482
5,4,-0.97692058,-0.86159737875,-0.896880538392857,0.95619779125,-0.0759009061071429,0.166893825946429,-0.972908355892857,-0.917613464821429,-0.899404775267857,-0.972586541964286,-0.938354677857143,-0.973054201071429,-0.949633878571429,-0.976065174642857,-0.957982019464286,-0.973497549642857,-0.889549205,-0.93164342125,-0.978737637678571,-0.857380281803571,-0.887554317678571,-0.975706723571429,-0.944075308928571,-0.976229505535714
6,4,-0.954193738888889,-0.941714042407407,-0.962667314814815,-0.420664662222222,0.915165104259259,0.341531310555556,-0.921199965925926,-0.969816635740741,-0.976176608888889,-0.978302781111111,-0.942209488333333,-0.978511984259259,-0.975103204259259,-0.986855629814815,-0.983965359814815,-0.958802077592593,-0.938883374444444,-0.967504278888889,-0.952464881481481,-0.946380971111111,-0.962154454259259,-0.980079292592593,-0.944366881666667,-0.980261236296296
1,5,-0.294098534232143,0.0767484028053571,-0.45702143625,0.972624959821429,-0.100440285303571,0.00247623628392857,-0.979348381428571,-0.961585474821429,-0.964580803928571,-0.302891024625,-0.0910397428607143,-0.612895318571429,-0.357681403285714,-0.57143812375,-0.157682543983929,-0.287782607410714,0.00946037755178572,-0.490251090714286,-0.297517355196429,0.0426026830839286,-0.483059957321429,-0.3213903195,-0.0545213604089286,-0.633429995714286
2,5,-0.0457237779851064,0.185022459476596,-0.308938978787234,0.936821834893617,-0.265942569148936,-0.0232035364248936,-0.95357996893617,-0.900511719787234,-0.92141958,-0.223896564340426,-0.125026612744681,-0.63836903212766,-0.305245202489362,-0.631822048297872,-0.282154378489362,-0.161485339978723,0.0728903158085106,-0.457470676808511,-0.00473819670425532,0.165037631180851,-0.28925665906383,-0.22532784293617,-0.105311152804255,-0.668825711276596
3,5,0.275046110468085,0.0907630761042553,-0.325891435319149,0.956649352553192,-0.0607578318319149,0.0216777910246191,-0.950490938510638,-0.912363420851064,-0.927192732978723,0.0322415501638298,0.0473612314702128,-0.52265163787234,-0.411302217446809,-0.514591487234043,-0.0344217467042553,0.0984320090212766,0.0792280694042553,-0.374740089574468,0.336554724893617,0.0268269875085106,-0.353397850212766,0.011055933212766,0.0901720096791489,-0.551178075319149
4,5,-0.980945022045455,-0.904335121022727,-0.926094740227273,0.880731443863636,0.168445524,0.143006857611364,-0.983137541590909,-0.939942979795454,-0.945008999545455,-0.975204850227273,-0.952786261136364,-0.973436529545455,-0.966037012045455,-0.975433911363636,-0.964878512727273,-0.977450812045455,-0.921434735681818,-0.946064216818182,-0.9825908425,-0.9022915301,-0.92184351,-0.976530547272727,-0.954464442045455,-0.97602233
5,5,-0.968591815714286,-0.869439913392857,-0.869327321785714,0.960188699107143,-0.03871012665,0.138638436607143,-0.974088206071429,-0.931973943392857,-0.914608495714286,-0.962647080178571,-0.931217140714286,-0.963832118928571,-0.941930044107143,-0.961177741607143,-0.944755343035714,-0.964500917321429,-0.890796360535714,-0.915083799107143,-0.97066840875,-0.867933178017857,-0.858231387857143,-0.965778920714286,-0.936202600714286,-0.96807230125
6,5,-0.965934509615385,-0.969295613269231,-0.968562516346154,-0.483470597692308,0.954890346153846,0.263644691923077,-0.945695336153846,-0.985964053846154,-0.977076645,-0.983307862115385,-0.964560430961538,-0.985419368461538,-0.983422257692308,-0.983759479230769,-0.989679592307692,-0.968741678461538,-0.965419520961538,-0.977007724615385,-0.964953893653846,-0.972909186730769,-0.965882191153846,-0.985625270384615,-0.96624258,-0.986135599038461
1,6,-0.296538717368421,0.164213884996491,-0.504324207192982,0.958067455087719,-0.214694852280702,0.0331888826842105,-0.977779896491228,-0.964248568070175,-0.957205025789474,-0.132784766936842,0.00808897373684211,-0.575777466491228,-0.18260093354386,-0.416390246140351,-0.166684422233333,-0.187934323140351,0.140781621991228,-0.498520164385965,-0.34522769,0.101699642168947,-0.550474621754386,-0.19269469414386,0.0314450678263158,-0.608624354210526
2,6,-0.0501350188513725,0.189276117327451,-0.353519514896078,0.913632241568627,-0.340732608823529,-0.0184608964392157,-0.959399425098039,-0.912900683137255,-0.906196352156863,-0.180301156098039,-0.0413994646723529,-0.560830688235294,-0.186763293747059,-0.486494120980392,-0.170814790834118,-0.131075372803922,0.0978035099588235,-0.42724809972549,-0.0211335627276471,0.159123777172549,-0.36587418445098,-0.186815074235294,-0.0169811409705882,-0.571673957058824
3,6,0.383681639791667,0.360164958768542,-0.320204232520417,0.928531455208333,-0.214046334375,-0.00307981704708333,-0.9544062675,-0.93357760125,-0.934378766458333,0.165271070858333,0.276544029529167,-0.336817322270833,0.0393387960854167,-0.193508405479167,0.193206498960417,0.328308506041667,0.339771173822917,-0.277602590916667,0.403369766666667,0.283247837625,-0.4060143105,0.0886515099394167,0.341242392604167,-0.389057047125
4,6,-0.980164933636364,-0.923682131090909,-0.925797097090909,0.933692934909091,0.0682628663363636,0.0695219657167273,-0.988872369272727,-0.960875994727273,-0.955475832363636,-0.969929476363636,-0.945143686181818,-0.958572952545454,-0.943714804727273,-0.961780726363636,-0.958787671272727,-0.975351454727273,-0.928264365454545,-0.935798115272727,-0.982451284727273,-0.925676956,-0.925768475636364,-0.971488767454545,-0.946880042,-0.961636555090909
5,6,-0.981758159649123,-0.921493191754386,-0.925692371929825,0.945139003859649,-0.230251036140351,0.0139193473596491,-0.985583066842105,-0.96844910122807,-0.942795062280702,-0.973132635789474,-0.949362277017544,-0.967547241754386,-0.946423593157895,-0.962422163684211,-0.962758177192982,-0.977100287368421,-0.930336471754386,-0.942864017017544,-0.984067374035088,-0.921449111052632,-0.922067224210526,-0.975235677719298,-0.950681450350877,-0.969895845789474
6,6,-0.934049422052632,-0.924644826385965,-0.925216100350877,-0.47670987877193,0.956593814210526,0.175867709021053,-0.887746310350877,-0.959161956491228,-0.928130738421053,-0.966341054736842,-0.933674494385965,-0.959646055263158,-0.939611608245614,-0.958628819649123,-0.959579071578947,-0.939114254210526,-0.923706791403509,-0.938044912280702,-0.932462941461404,-0.929711219929825,-0.924004748421053,-0.968619159473684,-0.935717452807018,-0.963567540877193
1,7,-0.327243240701754,-0.0772618561052631,0.159631283261403,0.932566472280702,-0.159097003684211,-0.160846924029807,-0.979851271403509,-0.969404155087719,-0.952159770526316,-0.346026226140351,-0.0547448948245614,-0.149488514397895,-0.21166729682807,-0.174136410738596,-0.458302971403509,-0.343048405789474,-0.0641564202736842,0.0385832252345614,-0.322034908070175,-0.143721823263158,0.133316828089298,-0.365314790947368,-0.0431917460807018,-0.190751539207018
2,7,-0.29487297445098,-0.32616002254902,-0.145665025639216,0.81874656,-0.240950944117647,-0.403599709607843,-0.932823053333333,-0.939774255490196,-0.881675909607843,-0.415153115882353,-0.519897595686274,-0.60780843627451,-0.616812659215686,-0.671243739607843,-0.682184175686275,-0.336199426470588,-0.381590523137255,-0.317461021372549,-0.279870086215686,-0.341025552941176,-0.124912269443137,-0.426974025686275,-0.53419130254902,-0.631919608823529
3,7,0.0660815600978723,-0.138179072734043,-0.0636402447755319,0.930623632765957,-0.12987167306383,-0.154935538544681,-0.964875962978723,-0.952678693617021,-0.92875646893617,0.0285033927287234,-0.296279674759574,-0.347107758021277,-0.510731018297872,-0.299520205208511,-0.425200371553192,0.0443428315319149,-0.145302311446808,-0.139216222106383,0.0730110797851064,-0.190187141297872,-0.100121492529787,-0.00426289144680851,-0.324378560319149,-0.397774503468085
4,7,-0.972668374583333,-0.909454698541667,-0.8565329414375,0.969147824375,0.00608846646041667,0.0649636250354167,-0.957082433333333,-0.945436264583333,-0.868602535416667,-0.982158098125,-0.969458676458333,-0.972256472708333,-0.974369045625,-0.981024680625,-0.980954665416667,-0.972697126875,-0.93149063375,-0.904675337916667,-0.972879966041667,-0.904629195833333,-0.844083052916667,-0.984026344375,-0.971814980208333,-0.974699194375
5,7,-0.979307570377358,-0.923400921886792,-0.917064168490566,0.958728687924528,-0.117607048924528,-0.0516573721320755,-0.987917503962264,-0.966162998679245,-0.939161014716981,-0.976403544716981,-0.965810609622642,-0.972060053207547,-0.96598339754717,-0.976837757358491,-0.978166790943396,-0.976681834339623,-0.941883783773585,-0.938550519811321,-0.980541336037736,-0.919118753018868,-0.912358813773585,-0.978729082830189,-0.966850290188679,-0.974533710754717
6,7,-0.93651361,-0.926262668653846,-0.952978365961539,-0.502814250576923,0.393444278076923,0.907537823461538,-0.914221270096154,-0.955543549230769,-0.961908984423077,-0.980977756153846,-0.973093160192308,-0.972983064230769,-0.9738372325,-0.976483727307692,-0.988871878269231,-0.953424245576923,-0.942193953846154,-0.958611644615385,-0.931120580576923,-0.922917902307692,-0.953380646346154,-0.983560175384615,-0.975886145,-0.975072995192308
1,8,-0.173605736002083,0.380782052708333,-0.1420885318125,0.913586347916667,-0.217102194583333,-0.186267836962021,-0.974752050208333,-0.956781505625,-0.956640104791667,-0.2586886278125,0.233987544458333,-0.383200596479167,-0.2460827504375,-0.428055700208333,-0.388446971666667,-0.247389011875,0.316982393333333,-0.238634594791667,-0.148386858858333,0.32484493125,-0.158437341970833,-0.271448185291667,0.315883536479167,-0.4044825094375
2,8,-0.171712174634146,0.348768733170732,0.121187278790244,0.860368718780488,-0.291341491707317,-0.192306960631707,-0.926673287804878,-0.931032068536585,-0.876168930487805,-0.186618895268293,-0.0123501104926829,-0.447518179097561,-0.40507069195122,-0.424675673414634,-0.430366658780488,-0.166411065387805,0.263431399878049,-0.0729496941121951,-0.175284990170732,0.30540146,0.133766193578049,-0.24733661795122,-0.0700821464439024,-0.508248316829268
3,8,0.0241393473736842,0.343826273105263,0.1337170395,0.914023498421053,-0.187610243421053,-0.141817934963684,-0.945766561578947,-0.941580934473684,-0.897190012631579,0.250143724521053,0.288140718789474,-0.0135136269,-0.267887897328947,-0.0704526510842105,-0.1896044435,0.136590199860526,0.388412779763158,0.159589756534211,-0.0260463260078947,0.232184078052632,0.0214914840105263,0.172658982065789,0.273943791773684,-0.0846674186842105
4,8,-0.979026152391304,-0.927331997021739,-0.939553030217391,0.832453878043478,0.240095117065217,0.263895185521739,-0.966757967173913,-0.937462301369565,-0.935475331521739,-0.985188753695652,-0.980784606086957,-0.985285807173913,-0.993264647391304,-0.98887627673913,-0.985241405434783,-0.981142909782609,-0.94421971826087,-0.959436275869565,-0.978256730652174,-0.923829969347826,-0.933889846521739,-0.986913610652174,-0.983038783478261,-0.986185349347826
5,8,-0.988815418148148,-0.938479429074074,-0.926065255185185,0.957669921111111,-0.0904603488214815,-0.0979392024814815,-0.987690217222222,-0.958904114074074,-0.918293913703704,-0.989198879814815,-0.976442140740741,-0.982610899259259,-0.981573085740741,-0.985508765185185,-0.989270900740741,-0.988219862222222,-0.9500491,-0.950362935555556,-0.98918374962963,-0.936231722777778,-0.919744963888889,-0.990414086851852,-0.97858173,-0.984465744444444
6,8,-0.94304121537037,-0.93489116,-0.932491454407407,-0.405930036111111,0.589922434814815,0.719831539259259,-0.918873192333333,-0.957990036481482,-0.94183626337037,-0.973253042222222,-0.976520952037037,-0.96608757462963,-0.969924077407407,-0.974186451851852,-0.987601203703704,-0.953538563888889,-0.951816663703704,-0.944269514074074,-0.940125298333333,-0.931236756962963,-0.931146497518519,-0.975959911481481,-0.979170881666667,-0.968699222962963
1,9,-0.238353562692308,-0.201696960826923,-0.0579636469030769,0.951867079615385,-0.0314341738730769,-0.115856121080385,-0.980971973653846,-0.971242423076923,-0.955523995576923,-0.206733787961538,-0.276929933846154,-0.409764526153846,-0.526985309038462,-0.549200228076923,-0.457881494038462,-0.294711163653846,-0.257677616153846,-0.250806259788462,-0.218019977423077,-0.223972558596154,-0.0337965256573077,-0.170228340134423,-0.228380473480769,-0.419104362884615
2,9,-0.36144437755102,-0.302206203816327,-0.253434083542857,0.902647777755102,-0.0377947824285714,-0.266009866857143,-0.954383557142857,-0.901317321632653,-0.89407107877551,-0.335291644693878,-0.586147012244898,-0.647296002040816,-0.660419534285714,-0.708604774693878,-0.65711420122449,-0.342735952653061,-0.405022798163265,-0.384710423408163,-0.369815777346939,-0.297641062755102,-0.244081808302041,-0.327421989591837,-0.590112916530612,-0.677831082857143
3,9,0.213392270547619,-0.208310705504762,-0.00771530035714285,0.938417773333333,-0.0352304645104762,-0.082276174942619,-0.952141220714286,-0.936306558809524,-0.876641297380952,0.017623342197619,-0.3094424725,-0.359513362761905,-0.509669314047619,-0.448602451190476,-0.417239550952381,0.103128506197619,-0.183120455428571,-0.103705822657857,0.250488758869048,-0.273561385142857,-0.0349494927142857,0.00938224337142857,-0.355981821428571,-0.425377408333333
4,9,-0.9572277914,-0.875141405,-0.83200187268,0.9163245106,-0.0414258228938,0.085263099144,-0.9552804062,-0.94645197,-0.88585411242,-0.9645358564,-0.9567775448,-0.9618894376,-0.9645323452,-0.9719274472,-0.9687388914,-0.959413594,-0.911683219,-0.8922013438,-0.956903459,-0.86761360746,-0.818001834824,-0.9666604036,-0.9585229866,-0.9649413418
5,9,-0.975741252444444,-0.938635759333333,-0.919295805777778,0.961323502222222,-0.010383816474,0.00914769235555555,-0.989103160444444,-0.972573867555556,-0.932245295111111,-0.969973398888889,-0.963849332888889,-0.970584264666667,-0.949105691555556,-0.975036530444444,-0.969726483555556,-0.971662692,-0.944849431777778,-0.941686874222222,-0.977579248444444,-0.938790016888889,-0.913896832222222,-0.971278823333333,-0.968234579555556,-0.972588748666667
6,9,-0.94233309,-0.9162927764,-0.9407072854,-0.5802528348,-0.1191541962,0.9578730416,-0.9218210626,-0.9699944882,-0.9712046902,-0.9647404702,-0.9639966798,-0.958562455,-0.945329035,-0.9621702422,-0.9770761602,-0.946865494,-0.9343665984,-0.9459190006,-0.9409810272,-0.9128367508,-0.9419711636,-0.9686013042,-0.966634136,-0.9597147176
1,10,-0.178709734396226,-0.0227431651698113,-0.395645072075472,0.963092149811321,-0.0838277013962264,0.0549276242264151,-0.974435158113208,-0.971114719811321,-0.957862728301887,-0.0521991013207547,0.0750804952113207,-0.511662905849057,-0.366063723207547,-0.509683327924528,-0.329079492641509,-0.114190001283019,0.0533911909886792,-0.41218272245283,-0.206366497226415,-0.129775706316981,-0.435304215660377,-0.0791518267107547,0.0484867672264151,-0.558512650188679
2,10,-0.161591924234043,-0.00555287692765957,-0.0738744931340426,0.931861027446809,-0.0565670278723404,0.0227527702016383,-0.959216072340425,-0.937039417446809,-0.864745838297872,-0.187220175510638,-0.177803083425532,-0.607520480212766,-0.427291343617021,-0.60462905787234,-0.482244799361702,-0.139410790617021,-0.0390688222212766,-0.301206408085106,-0.171957349438298,-0.051628469647234,-0.0342347233914894,-0.247598320858298,-0.202796129097872,-0.662894135319149
3,10,0.295733547631579,0.00407915363157895,-0.183557562032895,0.939807421052632,-0.0646160768947368,0.0418715409263158,-0.939267613157895,-0.937003823684211,-0.902085224736842,0.223275806105263,-0.105020355562895,-0.318188417289474,-0.416986139210526,-0.471650977631579,-0.227137389605263,0.215665273157895,0.00904660360263158,-0.157728357742105,0.324957743157895,-0.0633337717526316,-0.268686170263158,0.156912678626316,-0.153355802565789,-0.396147929736842
4,10,-0.982901825925926,-0.917979529962963,-0.967826981666667,0.791887198148148,-0.041260775,0.20253457287037,-0.973128354074074,-0.935690006481481,-0.966898520555556,-0.988946414074074,-0.980756789814815,-0.988255803703704,-0.992326657222222,-0.992584494814815,-0.990259813148148,-0.984943144259259,-0.9404502,-0.97464465462963,-0.982242427777778,-0.912838063018519,-0.966121042592593,-0.989550917407407,-0.982045591111111,-0.98911086
5,10,-0.978403481818182,-0.919561843409091,-0.941271440454545,0.954008785454545,-0.0431597830454545,0.0346980210431818,-0.991259485,-0.975410724090909,-0.959579657727273,-0.964311490454545,-0.941328663409091,-0.9764306,-0.950367548409091,-0.976445016590909,-0.969051030681818,-0.970099814318182,-0.923378745227273,-0.955272383863636,-0.982949246136364,-0.921860476590909,-0.938098683181818,-0.968612135909091,-0.944847393636364,-0.979428729090909
6,10,-0.968283685,-0.946454302068966,-0.95947148637931,-0.453069737586207,-0.139297681034483,-0.031121624137931,-0.954531941896552,-0.966701156034483,-0.963045642431035,-0.978007466724138,-0.966930793448276,-0.976256662586207,-0.965900578103448,-0.966621040344828,-0.983949302758621,-0.96918420862069,-0.954341849137931,-0.964300845172414,-0.96796803862069,-0.946229148258621,-0.959813667810345,-0.978904364137931,-0.968120692241379,-0.978582339137931
1,11,-0.422842071864407,-0.0522120750440678,-0.530626311355932,0.946468451355932,-0.212045870169492,0.134053215101695,-0.98110101440678,-0.966240553559322,-0.960852684067797,-0.428516343559322,-0.181419230254237,-0.720654731186441,-0.541616397118644,-0.737993755932203,-0.551079942542373,-0.396533731864407,-0.0830478435976271,-0.616402910169492,-0.433703311525424,-0.0966068285372881,-0.523093394915254,-0.45394304,-0.170177403123729,-0.747564612033898
2,11,-0.238802959018519,-0.103167501868519,-0.203369399185185,0.892626155555556,-0.343576924814815,0.146633747092593,-0.953463105740741,-0.924360832962963,-0.906933171111111,-0.452961683518519,-0.428119229814815,-0.785359167222222,-0.660431336111111,-0.809459436666667,-0.777173388518518,-0.355348902222222,-0.254645206944444,-0.551742083518519,-0.198733655611111,-0.0885048145574074,-0.113701770190741,-0.458255021296296,-0.437276328518518,-0.803845087037037
3,11,0.142456557034783,0.0708122725543478,-0.324026938043478,0.941746406521739,-0.200321942608696,0.132371684891304,-0.954497498695652,-0.926310469565217,-0.925814906086956,-0.0834212653347826,-0.126816662141304,-0.579710482173913,-0.53437494826087,-0.684593318695652,-0.480559152608696,0.0351937228130435,0.0247508134326087,-0.377624755652174,0.179906764395652,0.0262777181065217,-0.348626581521739,-0.12834163051087,-0.130443829826087,-0.628902742826087
4,11,-0.982796562075472,-0.921402118113208,-0.968370181886792,0.871963798301887,0.213716305739623,0.188531695981132,-0.988069341132075,-0.949792572075472,-0.971661610754717,-0.980335163584906,-0.966766643396226,-0.983441609622641,-0.990501518301887,-0.988554820188679,-0.981016044716981,-0.981481454339623,-0.934503182830189,-0.972855110377359,-0.983389810188679,-0.920047161698113,-0.967884390943396,-0.981607942075472,-0.968421475660377,-0.984349606792453
5,11,-0.994978878723404,-0.964173331702128,-0.986382712765957,0.956464535957447,-0.173082704680851,0.127198423404255,-0.994529398085106,-0.981047828723404,-0.989433253617021,-0.992527404255319,-0.979428279574468,-0.990132989574468,-0.986690403617021,-0.995571631276596,-0.990663218510638,-0.993808050638298,-0.968703072553191,-0.987669785531915,-0.995573762978723,-0.96350679,-0.985958517446809,-0.993414564042553,-0.981185823617021,-0.990378149574468
6,11,-0.98477733,-0.972196873859649,-0.971311176842105,-0.134832031403509,0.943017941403509,0.112620189964912,-0.97956560245614,-0.990765579649123,-0.984192606315789,-0.985259108596491,-0.972777455263158,-0.982111784210526,-0.981724838421053,-0.990845724736842,-0.986549063333333,-0.983801365614035,-0.971403935438596,-0.973576812807018,-0.985322211929825,-0.973589287368421,-0.971668077017544,-0.987122678245614,-0.973486716315789,-0.983302949122807
1,12,-0.128898533096,-0.122783290008,-0.4106060626,0.9668735148,-0.1559834498,-0.03608428788,-0.97911312,-0.9646191738,-0.9502762272,-0.01350661106,-0.089404968585,-0.512276838,-0.3908072382,-0.581290691,-0.4806421996,-0.05435763951,-0.071302455092,-0.4223253002,-0.160707260634,-0.20851528006,-0.4521466944,-0.03105929456,-0.094056408433,-0.5314863218
2,12,-0.290149192307692,-0.103818259823077,-0.436697425576923,0.938371473269231,-0.259144202692308,-0.0702503820961538,-0.960246289807692,-0.941378352307692,-0.938071183269231,-0.359856972115385,-0.311328991057692,-0.719336352692308,-0.549999188461539,-0.761195612692308,-0.606412096538462,-0.321447925192308,-0.168341519859615,-0.560841212692308,-0.278929748076923,-0.130175559028846,-0.418599992115385,-0.39060122,-0.335926381307692,-0.750114855961538
3,12,0.0424084916086956,0.11083534373913,-0.425017413478261,0.949861980652174,-0.178702175434783,-0.0561050624630435,-0.959504017391304,-0.94329842826087,-0.935399348043478,0.00631914373913043,0.0629216671304348,-0.498655793478261,-0.278608163891304,-0.517479109130435,-0.365232197456522,0.0235049348717391,0.150510001156522,-0.402121221521739,0.0483347068913043,0.016749510173913,-0.48739012673913,-0.072311431676087,0.0515123126413043,-0.544461425869565
4,12,-0.982568781960784,-0.92858124,-0.939661889019608,0.926228975490196,0.0830509010823529,0.0885640696078431,-0.985203642352941,-0.963641979215686,-0.956208629607843,-0.976494200784314,-0.964047461568627,-0.97911346627451,-0.977329927254902,-0.979347830784314,-0.977138953921569,-0.97966614372549,-0.942768016862745,-0.954626628823529,-0.98399947745098,-0.926033975686275,-0.935916958235294,-0.977980349019608,-0.966538919607843,-0.981408871764706
5,12,-0.981243992459016,-0.923140254098361,-0.920684800114754,0.957317821803279,-0.21886535557377,-0.0395382767304918,-0.985314210491803,-0.970482614590164,-0.939534099016393,-0.972440195081967,-0.953203115409836,-0.975556976885246,-0.955415641803279,-0.971195487377049,-0.973689389672131,-0.976469472295082,-0.932775677704918,-0.947178200163934,-0.983647207377049,-0.922852028360656,-0.914189183770492,-0.975581439016393,-0.95666634442623,-0.978792832786885
6,12,-0.95531868,-0.949072009333333,-0.9483338435,-0.3785920653,0.8033788345,0.2750431984,-0.936458309333333,-0.974396492666667,-0.9596439555,-0.969276283333333,-0.962639526833333,-0.970629308166667,-0.9671982025,-0.965900370833333,-0.969953929666667,-0.956248487666667,-0.951265971,-0.954724801666667,-0.955207641833333,-0.9506400405,-0.948380833666667,-0.972820011166667,-0.964703656833333,-0.972713844666667
1,13,-0.346980394210526,0.141866689392982,-0.220503537026316,0.910855709298246,-0.283658580877193,-0.131299718666667,-0.97254492245614,-0.960899845614035,-0.948637587719298,-0.220910068015789,0.0565488771722807,-0.374633172105263,-0.216812065298246,-0.35776089977193,-0.341765824491228,-0.335030121052632,0.0955150666694737,-0.246851507561404,-0.353299848947368,0.0921968931052632,-0.269896395250877,-0.219716159766667,0.0946741596910526,-0.406173351578947
2,13,-0.296284597454545,0.104470773801818,-0.217210568085455,0.847634313454545,-0.357404501636364,-0.207507170584727,-0.946441502363636,-0.922054968727273,-0.910271096181818,-0.487325539818182,-0.323333932218182,-0.660921263636364,-0.631037584,-0.678805915818182,-0.550880346909091,-0.382460736363636,-0.0636564765818182,-0.404785239945455,-0.266081292363636,0.114656709636364,-0.184842227972182,-0.514337759454545,-0.319400410981818,-0.689235778909091
3,13,-0.0681563626617021,-0.03212524665,-0.158333146191489,0.941875619787234,-0.211555112553191,-0.0950820341687234,-0.952643084042553,-0.92854437106383,-0.893962984042553,-0.0740908045319149,-0.149027773519149,-0.31704660987234,-0.463736674255319,-0.259163248340426,-0.367089485595745,-0.0726602663212766,-0.0364535247659574,-0.151178724793617,-0.0680436217021277,-0.0924444167085106,-0.233315176510213,-0.114744976032191,-0.141775116319149,-0.356579475531915
4,13,-0.989546275306122,-0.938967741632653,-0.938641215510204,0.92557651244898,0.101769752489796,0.0757773858163265,-0.981379112653061,-0.951353064693878,-0.930979556938776,-0.992827264081633,-0.984267557755102,-0.987612090204082,-0.991371016938775,-0.991773350204082,-0.989861382040816,-0.990135477755102,-0.959673916122449,-0.956183063510204,-0.989410582653061,-0.933666502510204,-0.934189007346939,-0.99368217,-0.985908120408163,-0.988612100204082
5,13,-0.991020759298246,-0.949422439473684,-0.967538031754386,0.942695296842105,-0.239943146315789,-0.0524856614035088,-0.992232401754386,-0.974681225789474,-0.976827157368421,-0.987636104210526,-0.977704172105263,-0.986926242631579,-0.978465124561404,-0.980982661403509,-0.985177042982456,-0.989425965614035,-0.959427618245614,-0.97756730122807,-0.991817705263158,-0.947179813157895,-0.964048080877193,-0.988185112807018,-0.979412252631579,-0.987871530526316
6,13,-0.968891989354839,-0.950947949516129,-0.950392995483871,-0.156852206467742,0.656400944354839,0.598884988709677,-0.957875244677419,-0.975948136290323,-0.959892863709677,-0.98541995,-0.980152342903226,-0.983070657419355,-0.981404742903226,-0.978854747419355,-0.989801549193548,-0.974716920483871,-0.965843757258064,-0.966295582741935,-0.966960088387097,-0.947462328225806,-0.945852135806452,-0.98707817516129,-0.981394261612903,-0.983670049354839
1,14,-0.402639098135593,-0.0536126686650847,0.0518841040022034,0.802973961525424,-0.270314822881356,-0.422495268474576,-0.974816884237288,-0.954455935762712,-0.947516969830508,-0.454497019661017,-0.344339569152542,-0.472791088644068,-0.571759911525424,-0.536737701694915,-0.497187687966102,-0.421498172542373,-0.174601844847458,-0.177366434042373,-0.395859985762712,-0.0542709972186441,0.0854892136933898,-0.484797709830508,-0.353526894237288,-0.528889535084746
2,14,-0.309396717592593,0.307195533,0.609017879074074,0.688256122222222,-0.322680364814815,-0.49508872037037,-0.928523640925926,-0.907231431296296,-0.875450819074074,-0.368780418888889,-0.336427181240741,-0.327868814314815,-0.646611034444444,-0.371479721296296,-0.359816626703704,-0.323508442240741,0.0163939234574074,0.191693742633333,-0.304980247962963,0.356072772037037,0.687124163703704,-0.41096787037037,-0.371572473072222,-0.391077873148148
3,14,0.0178313402266667,0.378870491755556,0.451576075111111,0.81629643,-0.264254674666667,-0.392555882222222,-0.919098794,-0.920725940666667,-0.879565316666667,0.0129597549231111,0.192791766468889,-0.133634060621778,-0.537002097555556,-0.284318020488889,0.0913857550044444,0.0212541553977778,0.3714824704,0.280735952206667,0.0140826092322222,0.29363389996,0.427563832371111,-0.0302396365755556,0.138737970022222,-0.244857128202222
4,14,-0.976302248148148,-0.914935703907407,-0.922774835740741,0.939038759814815,-0.0364533962277778,-0.0945970534814815,-0.976280399444444,-0.95032266362963,-0.938415738148148,-0.980890655185185,-0.967828356296296,-0.976133383518519,-0.990284240185185,-0.986911323888889,-0.982819138888889,-0.976456609259259,-0.932644766111111,-0.944126078888889,-0.976303056851852,-0.911591208203704,-0.917678155296296,-0.981920831111111,-0.968943674259259,-0.978180020925926
5,14,-0.973268905,-0.928525725333333,-0.9222763115,0.875319569,-0.226692231166667,-0.338174888666667,-0.972005366333333,-0.965781048333333,-0.940757718,-0.978248526,-0.966362425833333,-0.970766734,-0.969948875166667,-0.9706929555,-0.974687865833333,-0.9726995625,-0.942178248333333,-0.9424220265,-0.973605553666667,-0.926055903,-0.917781858666667,-0.980396601666667,-0.967830182166667,-0.973594305166667
6,14,-0.917501887333333,-0.909697040980392,-0.900331921686275,-0.145483631627451,0.48539692745098,0.83656291,-0.862136937254902,-0.94877486372549,-0.90130385627451,-0.971473557058824,-0.96812761745098,-0.972431855490196,-0.970274962745098,-0.968042893529412,-0.979711372941176,-0.933936178235294,-0.930366906078431,-0.927882307058824,-0.911972655156863,-0.905221049156863,-0.894055710980392,-0.973491388039216,-0.969113291372549,-0.97491443
1,15,-0.327961801111111,0.138912923691296,-0.518932634814815,0.951524391481481,-0.233918282592593,0.0757356734814815,-0.978397287962963,-0.971056501481481,-0.95805876537037,-0.373217585,-0.0319265467387037,-0.686268420555556,-0.283767987222222,-0.702402935925926,-0.591668608148148,-0.31744092037037,0.111321097159074,-0.554942138148148,-0.332520626851852,0.0805646237194445,-0.537026414814815,-0.411500068148148,-0.0606839140548148,-0.723051140740741
2,15,-0.0260971840270833,-0.00406536043541667,-0.379717488104167,0.918544812291667,-0.3149610125,0.0811803405,-0.952562395625,-0.927648821458333,-0.92161847875,-0.186944664541667,-0.311861356875,-0.748809454166667,-0.525533949791667,-0.763053512083333,-0.657907649166667,-0.0746328434375,-0.1019354328,-0.5395910825,-0.00838243761666667,-0.0191328333041667,-0.349600353270833,-0.207231605488542,-0.330391429583333,-0.783004506458333
3,15,0.406471051190476,0.186532377428571,-0.281982181666667,0.932302200476191,-0.167462317142857,0.0788822410992857,-0.942806478333333,-0.925685893571429,-0.93400831,0.134593836190476,0.0158059210738095,-0.404005582309524,-0.455980756428571,-0.574964116428571,-0.394542240714286,0.235309825547619,0.167518099964286,-0.259812204547619,0.466325681428571,0.1199936036,-0.357407559285714,0.108062740547619,-0.00722860241119048,-0.461599141904762
4,15,-0.987084356101695,-0.922407162881356,-0.949338025084746,0.89036426220339,0.210849305016949,0.00281565980440678,-0.982620883728814,-0.943561411694915,-0.952973658983051,-0.988162333898305,-0.978126998813559,-0.987011024745763,-0.992889042711864,-0.990313307966102,-0.987937202542373,-0.986619609491525,-0.938926430779661,-0.963227004915254,-0.987384778983051,-0.919162700338983,-0.945704713050847,-0.989314359661017,-0.979713045932203,-0.987694113559322
5,15,-0.988949247358491,-0.931900148301887,-0.951670257924528,0.965528899622642,-0.164713175490566,0.0645975994528302,-0.988432084716981,-0.965687978301887,-0.958810153207547,-0.985459068490566,-0.967720399622641,-0.985301940754717,-0.971514312075472,-0.988107413962264,-0.981293117924528,-0.986724998867925,-0.943348788679245,-0.965473514528302,-0.990060962641509,-0.930286443396226,-0.947905911320755,-0.986934133584906,-0.969934103584906,-0.986654459433962
6,15,-0.972255551527778,-0.962759422361111,-0.929586835277778,-0.1719930545,0.899242553055556,-0.0369192905555556,-0.961509742916667,-0.986036192361111,-0.950710357083333,-0.981739386805556,-0.970921587777778,-0.978402956527778,-0.97392395125,-0.980482834444444,-0.980112732777778,-0.974016176527778,-0.962461124305556,-0.95156594625,-0.971718824583333,-0.964590430138889,-0.923923991944444,-0.983949290694444,-0.973215319722222,-0.980745097361111
1,16,-0.404692523921569,-0.314569762352941,-0.159799790235294,0.925981326078431,-0.0668246472745098,-0.217351194313725,-0.982469595490196,-0.973784841960784,-0.961387254313726,-0.396223738431373,-0.425563858627451,-0.44025821745098,-0.675889722745098,-0.712237752941177,-0.571264779411765,-0.394790433529412,-0.321500667843137,-0.244363048235294,-0.409070488039216,-0.354370678627451,-0.180501317941176,-0.402884115098039,-0.433612657843137,-0.45663628254902
2,16,-0.397083831568627,-0.163732745078431,-0.129283825721569,0.826874282745098,-0.0805926025490196,-0.379059698039216,-0.948413552745098,-0.933657461176471,-0.907649558823529,-0.521089140196078,-0.425625937254902,-0.593411129607843,-0.707264168627451,-0.77471906627451,-0.717101021960784,-0.474984014705882,-0.268063812745098,-0.335853041176471,-0.369636140980392,-0.166324239117647,-0.094561233145098,-0.538073090196078,-0.417127012352941,-0.620123586470588
3,16,0.207251997929787,-0.146993837655319,0.0114353944787234,0.917818427021277,-0.0584832676382979,-0.225382496382979,-0.957785118085106,-0.955487793617021,-0.910588943191489,-0.101186926595745,-0.261684752425532,-0.303381582831915,-0.623676024255319,-0.583421784680851,-0.540633469361702,0.0368263528276596,-0.134598352726809,-0.04769426376,0.266115492098298,-0.208680587882979,-0.0379716239787234,-0.125682818093191,-0.281507406948936,-0.36402669587234
4,16,-0.986825605362319,-0.951607872463768,-0.939672247101449,0.942457377971014,-0.086588253942029,0.0892682200463768,-0.980158243333333,-0.968023206956522,-0.945813561478261,-0.990861134782609,-0.981800970724638,-0.983487212898551,-0.98958327942029,-0.990621793333333,-0.988364321449275,-0.987043828985507,-0.961456685507246,-0.959552230434783,-0.986892418405797,-0.949829260434783,-0.934652146521739,-0.991567867681159,-0.983230774492754,-0.984362469130435
5,16,-0.989076811794872,-0.960298267692308,-0.953468961666667,0.941587749358974,-0.0578867045,-0.166737468166667,-0.985359689871795,-0.980552435769231,-0.959562830769231,-0.991026497435897,-0.98262195474359,-0.988073825641026,-0.987102322692308,-0.992589441153846,-0.992698522948718,-0.989427670897436,-0.96931401525641,-0.969999504230769,-0.989100620641026,-0.958174310128205,-0.948540267051282,-0.991847149615385,-0.984236462179487,-0.98865796025641
6,16,-0.973691429428571,-0.943061150285714,-0.965490276285714,-0.206783742242857,-0.0199270225714286,0.893884468571429,-0.963761977857143,-0.966087103857143,-0.967886002,-0.988416723857143,-0.984867286857143,-0.987644127,-0.985835459428571,-0.989046576,-0.994465157714286,-0.980213187428571,-0.963635575142857,-0.974580069142857,-0.971409075142857,-0.937083636714286,-0.962524372714286,-0.989287359142857,-0.986215013,-0.988348904571429
1,17,-0.31950017295082,-0.0175797885542623,-0.265824489180328,0.92811236852459,-0.179927382704918,-0.190265949622951,-0.980983351639344,-0.968613202622951,-0.956903248196721,-0.355492635409836,-0.0935385034,-0.534303311639344,-0.431296148196721,-0.560203489016393,-0.524422887377049,-0.360991674918033,-0.0650267622126229,-0.382832802295082,-0.304806274098361,-0.0556137930852459,-0.262391594918033,-0.343866129016393,-0.0470379377672131,-0.543872996229508
2,17,-0.062952754100625,-0.0131721014395833,-0.230220954239583,0.853530565833333,-0.284153753333333,-0.298171464166667,-0.949460372291667,-0.91597346625,-0.930159843541667,-0.292665827083333,-0.349791873229167,-0.657430836041667,-0.606044344375,-0.676722847708333,-0.610586202291667,-0.1397522212625,-0.1175197356,-0.3999234945625,-0.0355381172854167,-0.0252781736083333,-0.2048157105,-0.287219038291667,-0.365114263583333,-0.680325770833333
3,17,0.187719760269565,-0.0607892037384783,-0.231064156615217,0.928817578043478,-0.151077057652174,-0.160962985956522,-0.950026242173913,-0.946576675652174,-0.901097766521739,-0.103436471413043,-0.304063534173913,-0.536331570652174,-0.526801825217391,-0.572144734130435,-0.542770646521739,-0.0226239171245652,-0.130272514565217,-0.3180818605,0.258941676302174,-0.0860527358695652,-0.245413541641304,-0.0718767032673913,-0.298931144913043,-0.573043711086957
4,17,-0.9944439053125,-0.96185862984375,-0.96572919578125,0.94488374765625,-0.002814673171875,-0.135803881679687,-0.99019661703125,-0.9667201059375,-0.9566106440625,-0.99434060296875,-0.98863700234375,-0.990529261875,-0.9952559371875,-0.9949818809375,-0.9938412575,-0.9939693815625,-0.96992798921875,-0.97484160453125,-0.99465731359375,-0.959789141875,-0.96292107328125,-0.9946131621875,-0.98991581109375,-0.99081824828125
5,17,-0.991163919871795,-0.968176663717949,-0.970462679230769,0.904678547435897,-0.257486817948718,-0.202687757012821,-0.985751365769231,-0.975810476025641,-0.969171762179487,-0.992094005512821,-0.98666125974359,-0.991217027307692,-0.989257196282051,-0.993699908589744,-0.992327099487179,-0.990927533846154,-0.97417056948718,-0.980231575769231,-0.991318528333333,-0.966427323846154,-0.966999000897436,-0.992775377692308,-0.988200349487179,-0.991450377692308
6,17,-0.972960567323944,-0.944792875211268,-0.953476700140845,-0.19913309,0.658792072253521,0.722657502112676,-0.961063222394366,-0.961466681267606,-0.957164565211268,-0.981489017183099,-0.976960542816901,-0.98281300056338,-0.980792372112676,-0.983135596619718,-0.988221713380282,-0.974359280140845,-0.954648102253521,-0.965406091549296,-0.972438525352113,-0.942791615915493,-0.950116956478873,-0.983213244366197,-0.978343915774648,-0.983854158873239
1,18,-0.37600552125,-0.227005874892857,-0.428348061071429,0.92386524875,-0.254317085892857,-0.0609313415892857,-0.983010882678571,-0.975311658928571,-0.97248384875,-0.368056913928571,-0.320158763392857,-0.633325860714286,-0.578133968392857,-0.694925789464286,-0.663259579285714,-0.37147515625,-0.24360627125,-0.48977105125,-0.378068199285714,-0.267273644642857,-0.439861578035714,-0.375992795357143,-0.320264113035714,-0.664327149285714
2,18,-0.380168286724138,-0.211155120224138,-0.31437339137931,0.883330258448276,-0.316619946206897,-0.106112549189655,-0.961738807068966,-0.942056881206897,-0.907839723965517,-0.563202134655172,-0.56794063862069,-0.760829911206897,-0.76068902862069,-0.828872171206897,-0.718951757931034,-0.465097261896552,-0.363450742586207,-0.522728377068965,-0.350639840862069,-0.190550638155172,-0.269571390465517,-0.575331252413793,-0.585531432931034,-0.784728430344828
3,18,-0.302634565090909,-0.254214045818182,-0.418610127454545,0.932277478363636,-0.225809125454545,-0.0493636733454545,-0.960404874545455,-0.932962218181818,-0.921661749636364,-0.387223932363636,-0.447033872545455,-0.651246664909091,-0.676716181636364,-0.752608622181818,-0.605655411090909,-0.350086793272727,-0.309049613818182,-0.505824358,-0.285535871636364,-0.273798158,-0.418258649818182,-0.416050500909091,-0.464546054727273,-0.678751080363636
4,18,-0.994347988596491,-0.974928131052632,-0.977572717017544,0.909816469298246,0.12988647622807,0.161877417894737,-0.994043771403509,-0.984035479473684,-0.978340183157895,-0.991624662105263,-0.984002717017544,-0.990153121754386,-0.994170190701754,-0.994224162105263,-0.992814325087719,-0.993144920175439,-0.976538530350877,-0.982996441403509,-0.994906565789474,-0.974980068596491,-0.975722121403509,-0.992039060701754,-0.985694744385965,-0.990141676315789
5,18,-0.992019762739726,-0.95422343630137,-0.961873909178082,0.947573239863014,-0.204206320958904,-0.0485767106575342,-0.994270075205479,-0.981335941917808,-0.976044291369863,-0.989436673835616,-0.975277836849315,-0.988455249452055,-0.981970965890411,-0.991151973150685,-0.986259015753425,-0.990409919315068,-0.961239135479452,-0.975772813972603,-0.992789068493151,-0.952911994794521,-0.957216177945206,-0.990287933424657,-0.977179032191781,-0.989275839041096
6,18,-0.984527649230769,-0.986160920923077,-0.987658662307692,-0.220600509076923,0.719755403692308,0.605495317692308,-0.982715987538462,-0.994093522615385,-0.990957249538462,-0.985921071076923,-0.985554339384615,-0.990660246153846,-0.996104441384615,-0.990547638769231,-0.992548101846154,-0.985179972153846,-0.984909884615385,-0.988606906307692,-0.984321858307692,-0.986746450769231,-0.987224804307692,-0.986641245846154,-0.986210701230769,-0.990744752923077
1,19,-0.0489049407963462,0.181801561185577,-0.13947794235,0.935222559230769,-0.2233381,-0.0898428797307692,-0.9698614625,-0.958651200384615,-0.929187930961539,0.110306729315577,0.0809271194038462,-0.179390497475,0.0801186523134615,-0.291594827626923,-0.213494065344231,-0.0299815666923077,0.169258575663077,-0.104423357596154,-0.0578820787019231,0.112615077990385,-0.233872331063462,0.0908366492173077,0.0854010732076923,-0.227829841936346
2,19,-0.1287420952375,0.176349922525,-0.1904685504575,0.8294283725,-0.3871007085,-0.2210087627,-0.916495992,-0.9010448505,-0.83693567475,-0.1742790558,-0.0128865483575,-0.4442822275,-0.23937641116,-0.49212221875,-0.3754149830025,-0.15687949467775,0.111818164225,-0.2196444734075,-0.11993477534,0.13255758081125,-0.2399806950525,-0.2172651781,-0.0131695876025,-0.50771620575
3,19,0.626917070512821,0.514816445641026,0.049322451025641,0.881940855128205,-0.215018042307692,-0.126146868942821,-0.899726139487179,-0.917880864102564,-0.899363131794872,0.544273037307692,0.355306716915385,-0.0200111148717949,0.179148649684615,-0.0146299196923077,0.116646170221282,0.537012022051282,0.494457802230769,0.110659220744872,0.658506543333333,0.427928785230769,-0.0783635041538461,0.476803887476923,0.349771285415897,-0.0983930104846154
4,19,-0.976357663013699,-0.950388943972603,-0.951929615068493,0.581371509041096,0.360343534657534,0.489126594657534,-0.969355010136986,-0.96996981369863,-0.960394960821918,-0.987043285479452,-0.979267729041096,-0.986704740273973,-0.988464752739726,-0.987465915068493,-0.98531069,-0.979238031780822,-0.960763181917808,-0.96633509109589,-0.975204245342466,-0.948053070136986,-0.947514931780822,-0.988576991369863,-0.980999857671233,-0.988151915753425
5,19,-0.989910996849315,-0.944430270684931,-0.952599653972603,0.944045837534247,-0.223897807808219,0.130643717849315,-0.992411542465753,-0.971426607808219,-0.958862043972603,-0.984792035205479,-0.970543276575342,-0.986142491917808,-0.97512668739726,-0.988096672191781,-0.983453911232877,-0.987352048356164,-0.952872872465753,-0.968543351780822,-0.991161671369863,-0.943193755068493,-0.947753961643836,-0.985913722328767,-0.973588517808219,-0.987524587534247
6,19,-0.965019579518072,-0.973449968554217,-0.984672837228916,-0.680043155060241,0.725646622771084,0.68762385253012,-0.958959611084337,-0.986993149638554,-0.988819031566265,-0.983605223493976,-0.974524522650602,-0.988260181084337,-0.976105663493976,-0.984607728915663,-0.986958363975904,-0.97453373,-0.972798824096386,-0.985340447349398,-0.962085001204819,-0.974832075662651,-0.984740998192771,-0.985278006987952,-0.975964111566265,-0.988558703373494
1,20,-0.208342792019608,0.489771808627451,-0.228734217372549,0.899965205686274,-0.344443913137255,-0.035130214,-0.970327266470588,-0.962003383529412,-0.953850439607843,-0.090645041854902,0.244310894098039,-0.387664584313725,-0.253227445431373,-0.127554090666667,-0.22704432732549,-0.147404272166667,0.403465950921569,-0.272213861705882,-0.234985644352941,0.438436341294118,-0.26649772672549,-0.122237205541176,0.255614062961569,-0.427690451960784
2,20,-0.116088676011765,0.15219632835098,-0.229249455098039,0.777095717058824,-0.479894842941176,-0.130117634791765,-0.931405014313725,-0.92459435372549,-0.904064093529412,-0.185695388078431,-0.260789711588235,-0.513641207058824,-0.471107678431373,-0.393988623529412,-0.253867089670588,-0.140439074776471,-0.0293832440223529,-0.318431522156863,-0.108444759592157,0.16454675022549,-0.242438965196078,-0.187090779486275,-0.255008282372549,-0.533201712745098
3,20,0.0745098785288889,0.616937015333333,-0.160938536488889,0.91972663,-0.277419718666667,-0.0282591579777778,-0.940458075111111,-0.908577153777778,-0.919693532888889,-0.135699627468889,0.289670966711111,-0.381503405466667,-0.249235098988889,-0.334568787888889,0.00307854550222222,-0.0343309987555556,0.524187686888889,-0.188098811986667,0.113033424261778,0.560191344,-0.213916756933333,-0.147278592755556,0.293119526444444,-0.405294896466667
4,20,-0.983081858939394,-0.93612270469697,-0.929106396818182,0.924454522424242,0.0733385412878788,0.151679135228788,-0.985829034393939,-0.966983534242424,-0.935854966151515,-0.982078229242424,-0.970896863484848,-0.976522488787879,-0.977414910909091,-0.979684097272727,-0.979742084090909,-0.981203064242424,-0.945198619242424,-0.947597457121212,-0.98397837530303,-0.935031700454545,-0.924947175454545,-0.983565760757576,-0.972776577272727,-0.978458923030303
5,20,-0.967209961232877,-0.87541041109589,-0.913142481643836,0.911231752465753,-0.305938716712329,0.0708655286023288,-0.981916942054795,-0.957462721369863,-0.942437325616438,-0.959528332191781,-0.935605650958904,-0.958936310958904,-0.921644239863014,-0.947633070684932,-0.948669854794521,-0.96193272890411,-0.898194212465753,-0.929985824794521,-0.96980617890411,-0.872525409452055,-0.910995860273973,-0.963098911506849,-0.94047417890411,-0.963973097671233
6,20,-0.962249114705882,-0.964098180294118,-0.972571998382353,-0.472431415573529,0.864882956617647,0.477573305,-0.928674215147059,-0.976018476911765,-0.9765185525,-0.984270728235294,-0.977002606764706,-0.984989224117647,-0.989283577352941,-0.981540062058823,-0.986670534411765,-0.965728781617647,-0.965595958382353,-0.976392651323529,-0.960997907205882,-0.964960988382353,-0.971901324705882,-0.986213883088235,-0.978451446764706,-0.985707806323529
1,21,-0.297814843538462,0.0540880509209615,-0.16868872575,0.862524800961538,-0.370984549423077,-0.220947960192308,-0.969576355384615,-0.964144520576923,-0.974939388076923,-0.114888873837692,-0.0347143855729423,-0.425142604807692,-0.238908311384615,-0.482854309807692,-0.494927657115385,-0.273496158519231,0.0338465813711538,-0.300309066730769,-0.308547185288462,-0.00256294245192308,-0.164961027194231,-0.107412802661538,-0.0148415165923077,-0.443563412692308
2,21,-0.240808282276596,0.109787469104255,-0.219707928574468,0.781177210851064,-0.432309617446809,-0.309735038510638,-0.940911635531915,-0.941523624255319,-0.932716253829787,-0.424052014680851,-0.203209665702128,-0.562052350212766,-0.573541839148936,-0.604469603617021,-0.564149244893617,-0.319169340234043,0.0221598658106383,-0.321712974042553,-0.213184048,0.0823434279595745,-0.22716417293617,-0.462972848723404,-0.261261053404255,-0.603127367234043
3,21,0.224343492244444,0.301336399711111,-0.0717893558666667,0.872683205555556,-0.356673289555556,-0.187870253333333,-0.940194827777778,-0.940111830666667,-0.916324556888889,0.00214655719111111,-0.0796009757622222,-0.246061882112444,-0.549648320222222,-0.442426840888889,-0.428337693333333,0.104323529982222,0.181138042506667,-0.0769713066866667,0.266987750733333,0.277894323022222,-0.145081705591111,-0.0463867896444444,-0.113161860322222,-0.293237567085333
4,21,-0.991777287176471,-0.966877560941176,-0.959567861764706,0.940031368,0.0215206708823529,-0.0567766060705882,-0.992936404470588,-0.979355363176471,-0.965426493882353,-0.989439392235294,-0.979002804823529,-0.985823622941176,-0.989472968470588,-0.989722663529412,-0.987954515294118,-0.990610228,-0.968060947058824,-0.970859342941176,-0.992375229411765,-0.96756129,-0.956412505058824,-0.990027822470588,-0.980347168823529,-0.986845672352941
5,21,-0.981419961123596,-0.943601625393258,-0.946123407078652,0.881213341910112,-0.346155558876404,-0.207685689775281,-0.982906668876405,-0.977681415955056,-0.958590002247191,-0.97706335011236,-0.963921458202247,-0.977915677191011,-0.971866494606742,-0.976815894044944,-0.975427259325843,-0.978327686179775,-0.949694904269663,-0.960274142134831,-0.982892836629213,-0.94354515752809,-0.942458908314607,-0.979530485393258,-0.966024075955056,-0.979723339662921
6,21,-0.955019866222222,-0.956959422222222,-0.945653787777778,-0.174349174822222,0.599992678,0.788251027111111,-0.945905270555556,-0.983732936111111,-0.952416332444444,-0.984826520888889,-0.971584753222222,-0.983977644222222,-0.984643717333333,-0.981998497777778,-0.988749495666667,-0.968234375555556,-0.960069247,-0.961772190555556,-0.950929451222222,-0.957258971111111,-0.940919006555556,-0.987061376777778,-0.973164432777778,-0.984925270666667
1,22,-0.00865921919565217,0.100384246321739,-0.213351968804348,0.936096410434783,-0.259644937173913,0.0233780056086957,-0.969643448043478,-0.963639340217391,-0.955147847391304,0.0358787094391304,0.225542290191304,-0.313155902608696,-0.226656401521739,-0.651875468913043,-0.234278150891304,-0.0994928588891304,0.145367520371739,-0.25521651373913,0.0243958191369565,0.00386841059347826,-0.253643608304348,0.0180047785304348,0.213423556139739,-0.343195610652174
2,22,0.0835738640921429,0.250067523738095,-0.109613216345238,0.889454382857143,-0.33682691,-0.0957978990316667,-0.94063384047619,-0.941620221904762,-0.913153632142857,-0.00853992680952381,-0.0575784544857143,-0.471703304761905,-0.396699215238095,-0.704255415,-0.515697758571429,-0.0553996485285714,0.13068653882619,-0.228019952309524,0.132048813464286,0.230058772192857,-0.116753339559524,-0.0677978520178571,-0.106099613648095,-0.528567802619048
3,22,0.348618168333333,0.239812250944444,-0.325722718055556,0.921820641944444,-0.222215179444444,0.0412987957222222,-0.941242334722222,-0.945824352777778,-0.906594023333333,0.0869139849722222,0.0198613278611111,-0.477806646111111,-0.264848047888889,-0.640280071388889,-0.358762129444444,0.195348406222222,0.225766560777778,-0.322795653888889,0.402891960277778,0.167409716861111,-0.383242679444444,0.0404618458027778,-0.0270294444166667,-0.535893778333333
4,22,-0.978466823709677,-0.928059133795645,-0.917564853870968,0.839305928709677,0.208553884,0.315551492322581,-0.972009988709677,-0.954225015274194,-0.927950649854839,-0.981664149193548,-0.964782832419355,-0.978928356290323,-0.985671250322581,-0.980275619354839,-0.97954410516129,-0.978505368225806,-0.939546007903226,-0.946635312419355,-0.97862319016129,-0.926995253483871,-0.909344305645161,-0.984299609032258,-0.969776055483871,-0.981272224354839
5,22,-0.985000527142857,-0.922693288412698,-0.942201655238095,0.954064297619048,-0.226418773650794,0.0323824977714286,-0.992827298253968,-0.971080742857143,-0.958890201587302,-0.975639080634921,-0.952303493968254,-0.981478064920635,-0.949716028730159,-0.984900134285714,-0.979753572380952,-0.980373909206349,-0.929161387619048,-0.957101794126984,-0.987400306031746,-0.923657558412698,-0.938409884920635,-0.978773000952381,-0.956169964285714,-0.984305238253968
6,22,-0.947735251944444,-0.913276301666667,-0.942945807916667,-0.418494577083333,0.632484075694444,0.771903907083333,-0.928781249027778,-0.958826938556944,-0.952435389166667,-0.970355191527778,-0.955151526805556,-0.974527011944444,-0.972092602916667,-0.980484171388889,-0.978636301805555,-0.953758542777778,-0.925524703472222,-0.954219235555556,-0.945656808055556,-0.912562856666667,-0.941163951388889,-0.974126068055556,-0.9589609575,-0.976833164027778
1,23,-0.313521773389831,-0.119020586510678,0.164220685383051,0.939809688644068,-0.16176137,-0.160763360338983,-0.977230903898305,-0.966550706949153,-0.932981341864407,-0.229328122305085,-0.0805017337711864,-0.0293115056033898,-0.363969434576271,0.295945926186441,-0.374456768135593,-0.275404187920339,-0.0724367317966102,0.0814081078542373,-0.329807279830508,-0.202524061966102,0.1161434407,-0.235172990305085,-0.0609753095355932,-0.00623647528983051
2,23,-0.243887818513725,0.0448435785868627,0.10080118935098,0.843438810196078,-0.214481808235294,-0.35593445,-0.933344481568627,-0.910474557058824,-0.902065910392157,-0.365398622764706,-0.328225031,-0.408094020392157,-0.548318881568627,-0.493514122352941,-0.543765425882353,-0.272605689568627,-0.0769773944803922,-0.070577489272549,-0.234309548019608,0.0380597405498039,0.104508755759412,-0.424877553333333,-0.380894442941176,-0.46895638372549
3,23,0.0441392843425926,0.10825903416963,0.229898742944444,0.923711401296296,-0.110028841648148,-0.153671532259259,-0.950790837407407,-0.93901254962963,-0.905888257592593,0.198947061775926,-0.0883301225796296,0.0310157077775926,-0.32301569962963,0.146650121972222,-0.36786963962963,0.205428216353704,0.0959432893981482,0.280518877574074,-0.0282962478037037,0.0432283686975926,0.0947940973814815,0.0819587190574074,-0.177697841296296,-0.09851956305
4,23,-0.987607636617647,-0.934933559264706,-0.905584390323529,0.936509242941176,0.1217510625,0.0630111556279412,-0.984536722205882,-0.960917426323529,-0.923953600294118,-0.984561803823529,-0.978045837794118,-0.975978995,-0.987084633970588,-0.980727445294118,-0.988130142058824,-0.986325670882353,-0.953460406470588,-0.942031166764706,-0.988345258235294,-0.930781487205882,-0.896125263911765,-0.986019630441176,-0.979564696911765,-0.977936447205882
5,23,-0.985421519558824,-0.9584444925,-0.929409745147059,0.919857125882353,-0.117401359697059,-0.223631180906765,-0.984610385,-0.984818648823529,-0.947199734411765,-0.983141958970588,-0.975219983676471,-0.973595215441176,-0.972770702058824,-0.972509523235294,-0.984654516470588,-0.983627197058824,-0.962831825294118,-0.945170568823529,-0.986333385588235,-0.958042411176471,-0.926110099117647,-0.984531642205882,-0.977157997794118,-0.976241315882353
6,23,-0.956756363194444,-0.976309827361111,-0.973223495416667,-0.391564962777778,0.438434067361111,0.918782825277778,-0.947948758194444,-0.982794562916667,-0.976780462083333,-0.986360446805556,-0.988611616666667,-0.984663476666667,-0.985027850416667,-0.979427763472222,-0.994908984861111,-0.970037238333333,-0.982072295833333,-0.977515213888889,-0.952410957638889,-0.974304149166667,-0.972261283055556,-0.987840852638889,-0.989995616944444,-0.985502011944444
1,24,-0.47076236637931,-0.154127498163793,-0.288840016206897,0.95970108137931,-0.115116241810345,-0.140910029827586,-0.983132400344828,-0.962578844310345,-0.962822966551724,-0.485863255344828,-0.302220161206897,-0.491189466034483,-0.490773455517241,-0.514246569655172,-0.557968202931034,-0.492419802586207,-0.203193741396552,-0.344493013448276,-0.462733639137931,-0.182766476862069,-0.314646918448276,-0.507640734482759,-0.294353545672414,-0.511115619482759
2,24,-0.344399351355932,-0.116804488966102,-0.255601012881356,0.906369500508475,-0.237498409152542,-0.227134869152542,-0.962190567457627,-0.916690779830509,-0.934952938983051,-0.49876467220339,-0.51522075220339,-0.523807264237288,-0.640489537966102,-0.646644373728814,-0.648975330847458,-0.395790553898305,-0.252412541966102,-0.312792211016949,-0.326165553050847,-0.107787679328814,-0.28314344338983,-0.527104719152542,-0.535843319152542,-0.562727123050847
3,24,-0.08273248054,-0.102607326783636,-0.205566380745455,0.950883416727273,-0.128326710927273,-0.140123155018182,-0.961845327454545,-0.941478979454546,-0.942207718727273,-0.337218894,-0.169291887741818,-0.290239376563636,-0.358444550225455,-0.519326735090909,-0.478690941272727,-0.222324293454545,-0.0861829752472727,-0.173825083587273,-0.0349085946785455,-0.169191147529091,-0.291553822381818,-0.355930598,-0.163626807636364,-0.328569968545455
4,24,-0.990593766617647,-0.956255962058824,-0.957056111470588,0.919637604411765,0.182254651955882,0.109559621020588,-0.989660149852941,-0.971692544705882,-0.963406795735294,-0.988564382205882,-0.979573678088235,-0.984662946764706,-0.991442007794118,-0.989780810588235,-0.989850160294118,-0.989529506764706,-0.962773200147059,-0.966991781176471,-0.991100005441176,-0.954998005147059,-0.954402697794118,-0.9892888075,-0.981550132794118,-0.986008449264706
5,24,-0.98725587115942,-0.936871974347826,-0.930283530144928,0.96644228,-0.145201300942029,-0.0530585403536232,-0.992197591884058,-0.968155388695652,-0.94618494942029,-0.980573836811594,-0.967745638695652,-0.977716354927536,-0.975856809130435,-0.981983572028985,-0.983276883478261,-0.984183633623188,-0.948970158405797,-0.953817599275362,-0.988851853478261,-0.934454791304348,-0.923802467681159,-0.981721691014493,-0.970228184202899,-0.979936740869565
6,24,-0.967984021111111,-0.983126461944444,-0.973566958888889,-0.359292534027778,0.738430699305556,0.683839909722222,-0.960412164305556,-0.993454358055556,-0.979239668194444,-0.98636543375,-0.982430495,-0.983087366805556,-0.979865720555556,-0.978091312777778,-0.992381595972222,-0.975893687083333,-0.980830362083333,-0.976634815694444,-0.965167081805556,-0.984571808472222,-0.973057781805556,-0.988140517777778,-0.984124532361111,-0.983185637916667
1,25,-0.596007443513514,-0.161852411581081,-0.437133403243243,0.937483114459459,-0.127315870743243,0.188416273486486,-0.979499263243243,-0.965093441081081,-0.944995731216216,-0.607620931621622,-0.382619718513514,-0.675601403648649,-0.507957094054054,-0.799635384189189,-0.659576163108108,-0.609038908918919,-0.251880271094595,-0.533563220540541,-0.591449956486486,-0.170313804039189,-0.430624587162162,-0.624145724594595,-0.367760098378378,-0.690413386081081
2,25,-0.459775646153846,-0.223086808769231,-0.296523975076923,0.927693239538462,-0.217641282461538,0.108230986684615,-0.950878450307692,-0.931758272769231,-0.882722399076923,-0.663642746307692,-0.627131235692308,-0.812458372307692,-0.693854902307692,-0.839699143076923,-0.746268282923077,-0.521649838769231,-0.380150805384615,-0.542931828,-0.437975786923077,-0.199988428584615,-0.237296741292308,-0.690213625846154,-0.638086010153846,-0.830526636615385
3,25,-0.253756934258621,-0.14054060387069,-0.457972381896552,0.929627532241379,-0.0724270175862069,0.21879595837931,-0.964470066724138,-0.937816011034483,-0.92619169637931,-0.501968387931034,-0.371661522413793,-0.711494695517241,-0.430134387586207,-0.810444542413793,-0.599481997931035,-0.372245192931034,-0.196381053741379,-0.556097089137931,-0.213028874331034,-0.166842375587931,-0.449465441724138,-0.522153341034483,-0.365719830448276,-0.734990064137931
4,25,-0.991892828615385,-0.947457617061538,-0.965139552153846,0.865686078153846,0.208287142261538,0.167140956385077,-0.988879980615385,-0.963415016923077,-0.969459982461538,-0.992278621692308,-0.982870991692308,-0.988433153384615,-0.992304653846154,-0.991315767692308,-0.991491387846154,-0.991405498153846,-0.959117259384615,-0.974776131230769,-0.992124279384615,-0.944842993230769,-0.962090614615385,-0.992750109846154,-0.984068025384615,-0.989156105538462
5,25,-0.991970126756757,-0.954569225945946,-0.964642688108108,0.929794733108108,-0.159316786486486,0.201182106486486,-0.993148267702703,-0.980642970675676,-0.967792578648649,-0.988312658378378,-0.972272410540541,-0.987062685135135,-0.977909693918919,-0.98724214,-0.980722294459459,-0.990093202837838,-0.959846189054054,-0.974051231216216,-0.992851743243243,-0.95417933,-0.96212373972973,-0.989339890810811,-0.974029503513513,-0.987898048378378
6,25,-0.909116474109589,-0.691770680561644,-0.717262004013699,-0.461102531369863,0.620658919917808,0.526353818315068,-0.829554947808219,-0.643578361424658,-0.610161166287671,-0.973323412328767,-0.945687169726027,-0.96783552630137,-0.957381145068493,-0.971564323013699,-0.974242254520548,-0.929147371232877,-0.78494581909589,-0.816197953561644,-0.902547712465753,-0.67238425569863,-0.694100368012329,-0.976423984657534,-0.948414293561644,-0.971885370136986
1,26,-0.340185527559322,-0.136351391645763,-0.333486502542373,0.960647754576271,-0.133922185084746,0.108738699508475,-0.980055651016949,-0.969040314237288,-0.966231561694915,-0.328452881355932,-0.261863589338983,-0.397483516101695,-0.417438636101695,-0.587000110847458,-0.485543001525424,-0.321959549661017,-0.146702156576271,-0.33953964559322,-0.34799792561017,-0.185725832305085,-0.384445322372881,-0.351065957627119,-0.271952157220339,-0.396530418305085
2,26,-0.169006952418182,-0.0491726302763636,-0.404596936545455,0.942095257090909,-0.246169656181818,-0.00199310572363636,-0.962011392181818,-0.937858157818182,-0.929636797636364,-0.290879965872727,-0.399771473818182,-0.677995585454545,-0.515829417272727,-0.725210290909091,-0.556390218,-0.242820756127273,-0.185528313272727,-0.499502759272727,-0.142843838381818,-0.0439473073581818,-0.400902256363636,-0.342075432,-0.420055781272727,-0.715726893818182
3,26,0.17395384962,-0.011629910112,-0.284807676,0.9467972718,-0.0799003729,0.1539063202,-0.9627219918,-0.9354258554,-0.9330817682,-0.128111641206,-0.08640490273602,-0.3793359516,-0.170842676616,-0.5471984382,-0.3589516378,0.022800096142,-0.006237000044,-0.2796400557,0.22678384386,-0.078283777824,-0.3466485178,-0.130825898392,-0.061537065488,-0.3967016908
4,26,-0.979768987948718,-0.94079896551282,-0.950004414102564,0.782955611794872,0.223105562025641,0.314387627435897,-0.965082925641026,-0.949286700807692,-0.944580863846154,-0.99225839525641,-0.986215215641026,-0.99000871051282,-0.995882512051282,-0.993139833846154,-0.991929788974359,-0.982579546025641,-0.954299410641026,-0.967519149358974,-0.978755176794872,-0.937783538974359,-0.94478134025641,-0.99329986051282,-0.987754588717949,-0.990693114358974
5,26,-0.993069368783784,-0.949466155405405,-0.962988401351351,0.965460891621622,-0.140315421824324,0.0884142682297297,-0.992678782162162,-0.966986433783784,-0.964228470675676,-0.990498355,-0.975935485405405,-0.986693448648649,-0.978472409324324,-0.989766989864865,-0.985992503243243,-0.991993372297297,-0.958402317837838,-0.97321515527027,-0.993702408378378,-0.947829677432432,-0.960027795540541,-0.991275662027027,-0.977354949459459,-0.987428086216216
6,26,-0.969445445263158,-0.983231351842105,-0.984500013157895,-0.621309715263158,0.803015011578947,0.614523405921053,-0.944472488552632,-0.987887995263158,-0.984081708947368,-0.989315824868421,-0.987182887763158,-0.989064628947368,-0.992665154868421,-0.989063341973684,-0.993759841842105,-0.973262289210526,-0.983664034342105,-0.984923123552632,-0.967971891447368,-0.983317083947368,-0.984854487894737,-0.990410106973684,-0.988238648552632,-0.989370490789474
1,27,-0.348475560526316,-0.187301214964912,-0.297318273508772,0.944759287368421,-0.187497034561404,-0.126210937305263,-0.979866136842105,-0.973792999824561,-0.956593490526316,-0.316184021578947,-0.104090459225439,-0.401188539824561,-0.523256879298246,-0.634105502807017,-0.426346962631579,-0.308702374385965,-0.13678354122807,-0.312372595438596,-0.365256349298246,-0.267741550175439,-0.345515217192982,-0.346610413333333,-0.0655179027631579,-0.417957993859649
2,27,-0.295439547254902,-0.0950104077,-0.23070787672549,0.868000278627451,-0.229278659607843,-0.294642640196078,-0.956433874705882,-0.947713378627451,-0.926675381176471,-0.468066189411765,-0.426833499411765,-0.633722935098039,-0.695774947647059,-0.711148438235294,-0.676876469411765,-0.417607401176471,-0.249688517843137,-0.418886395098039,-0.253504065686275,-0.0794059822941176,-0.197338870980392,-0.47892337254902,-0.450116431176471,-0.657139420784314
3,27,0.167407531090909,-0.0979710029522727,-0.240040783340909,0.931380178636364,-0.166938774772727,-0.140047614122727,-0.946975165,-0.934963993181818,-0.920921521590909,-0.00358338882727273,-0.138528104113636,-0.409310918409091,-0.493837613409091,-0.459459295681818,-0.307268262272727,0.0829831545090909,-0.0626729573068182,-0.241600361090909,0.194912716568182,-0.17564706475,-0.303090701863636,-0.0522811342045455,-0.163243978431818,-0.474755492045455
4,27,-0.988580107714286,-0.971579125714286,-0.965858735142857,0.839464714,0.212947021371429,0.276417431042857,-0.982445738,-0.982553336571429,-0.967268066,-0.990658097857143,-0.985097470714286,-0.988904001571429,-0.993640318285714,-0.992226442142857,-0.991766787571429,-0.988682108428571,-0.974057855571429,-0.974665817,-0.988659196428571,-0.971266062714286,-0.963220672571429,-0.991292270714286,-0.986083114,-0.989282516857143
5,27,-0.9919515835,-0.955171419,-0.962408444875,0.965351492,-0.188504847375,-0.00557416876082625,-0.994012162875,-0.97964105225,-0.968169953625,-0.987628362,-0.975829725,-0.987354788,-0.9826424495,-0.990798007875,-0.9889703575,-0.99012181225,-0.961356141125,-0.97414624525,-0.99287582525,-0.954381606375,-0.958924794125,-0.98860681,-0.977605582,-0.98820826225
6,27,-0.978455153108108,-0.983736043783784,-0.986636996081081,-0.530434604864865,0.567879494054054,0.84539238027027,-0.971183862702703,-0.993701742972973,-0.989056311351351,-0.986471899324324,-0.985159461756757,-0.989685146621622,-0.993503720810811,-0.993025877297297,-0.993296720540541,-0.980631846891892,-0.982915951891892,-0.987356589864865,-0.977615702567568,-0.984269087972973,-0.986582387972973,-0.987477465405405,-0.986116008783784,-0.989901169864865
1,28,-0.293003522222222,-0.117886186425926,-0.300928395925926,0.942930275555556,-0.229316151481481,-0.125912861222222,-0.976693902592593,-0.968780859814815,-0.944225031851852,-0.335700184259259,-0.220123120851852,-0.537470471666667,-0.399417082777778,-0.639018554444444,-0.440927899259259,-0.280062182962963,-0.127912276044444,-0.356337638518519,-0.298832423148148,-0.168789019540741,-0.326046195925926,-0.367116416481481,-0.191757503603704,-0.574579748518519
2,28,-0.242062430294118,-0.146753877035294,-0.28598691372549,0.854508231764706,-0.333223996666667,-0.265207858431373,-0.944697800196078,-0.927641087843137,-0.900514013333333,-0.312671655921569,-0.331602407372549,-0.637488941176471,-0.494282913529412,-0.690571101960784,-0.603568264117647,-0.266101343372549,-0.190589069119608,-0.401732939215686,-0.233726643921569,-0.178554981115686,-0.281685159607843,-0.37027368,-0.349026567647059,-0.68790763372549
3,28,0.125712887943478,0.156496646504348,-0.341031811521739,0.929291680434783,-0.235897105217391,-0.121477255782609,-0.956921542391304,-0.948404212173913,-0.91705975,-0.0167652227782609,0.0265530133695652,-0.427053261304348,-0.16394489726087,-0.424567878478261,-0.336212734130435,0.0890721752173913,0.186441733869565,-0.308161634195652,0.137797082826087,0.065301199843913,-0.416940283043478,-0.0980112293695652,-0.00175391954565217,-0.48848835173913
4,28,-0.983272806805556,-0.939905244861111,-0.936667245694444,0.907331309166667,-0.112596728361111,0.135402566816667,-0.989132499583333,-0.971766352361111,-0.956087679583333,-0.976286679444444,-0.962219452777778,-0.976327426666667,-0.982155662638889,-0.980713868611111,-0.971001691388889,-0.979820142638889,-0.946351650416667,-0.952226786666667,-0.984956708611111,-0.939885478333333,-0.9330454775,-0.977786782222222,-0.96399042625,-0.978327769444444
5,28,-0.977748638607595,-0.875689216835443,-0.905123824177215,0.948514848481013,-0.247656166582278,-0.0385830501632911,-0.990059426582279,-0.962801441898734,-0.951782181518987,-0.968604559620253,-0.933768175063291,-0.969765362025316,-0.928343397721519,-0.972977006708861,-0.956497163670886,-0.97251980164557,-0.893430392658228,-0.934503028481013,-0.98026749,-0.87446926556962,-0.897600800886076,-0.971672796708861,-0.936991280253165,-0.973572051898734
6,28,-0.9688882955,-0.945386780375,-0.956450342875,-0.490334541875,0.1440732745,0.0157570025,-0.970599089375,-0.9697590285,-0.97912466575,-0.9801647165,-0.97867953975,-0.973071655875,-0.9608029485,-0.98039978225,-0.981418916,-0.9739308675,-0.958436369,-0.961115672375,-0.967324863875,-0.94200397775,-0.956770904875,-0.98220590125,-0.981117467,-0.974530843125
1,29,-0.174337940226415,-0.0917540612869811,-0.242828038264151,0.96237438509434,-0.127318078679245,0.0955792142264151,-0.978253538867925,-0.975272848113208,-0.945981437169811,-0.22143354279434,-0.087174644469434,-0.461758009811321,-0.395909621509434,-0.587944298490566,-0.504130088679245,-0.135819505761321,-0.0349642325433962,-0.279734839433962,-0.190355976849057,-0.182068539584906,-0.283348100981132,-0.307336669773585,-0.155020660771698,-0.529034897169811
2,29,-0.0867715569693878,-0.122128287642857,0.0995443502346939,0.929258953877551,-0.227120125306122,0.0443786011771429,-0.954189013061225,-0.923007798367347,-0.858849467142857,-0.182365815065306,-0.388624195510204,-0.678763766530612,-0.474932606326531,-0.73422519244898,-0.558417024081633,-0.109793480008163,-0.196011503540816,-0.320487882857143,-0.0790625306306122,-0.141258066657755,0.203057836877551,-0.211385397877551,-0.408648946938776,-0.710116591836735
3,29,0.167383602458333,-0.12246346700625,-0.223177999879167,0.948486215,-0.0760962952291667,0.0919650454166667,-0.9417361925,-0.91390306375,-0.869300904791667,-0.023952574044375,-0.07734083835625,-0.478764185,-0.347807556958333,-0.693469035833333,-0.379769406458333,0.110663200244167,-0.02122937175,-0.266692150208333,0.187438624270833,-0.239349053641667,-0.262073242045833,-0.0986379156229167,-0.120381521220833,-0.547320886875
4,29,-0.9907450195,-0.963222497833333,-0.968063878166667,0.891563755166667,0.1556594569,0.286256063666667,-0.984679151833333,-0.973604289833333,-0.966032045333333,-0.993525560333333,-0.9840551,-0.990168733,-0.9933220295,-0.995319164666667,-0.9928337675,-0.991093963666667,-0.969609501666667,-0.975623030833333,-0.990617521,-0.961693949333333,-0.965800974333333,-0.9942201755,-0.985493318833333,-0.990445861666667
5,29,-0.996068635384615,-0.969295721076923,-0.980207488923077,0.974508732,-0.05848715356,0.0316145849747692,-0.996764227384615,-0.985134032307692,-0.984464543538462,-0.993652820615385,-0.983338157846154,-0.990593859692308,-0.983293061692308,-0.995533113076923,-0.990685705384615,-0.995024039692308,-0.973345770461538,-0.984096024769231,-0.996604570307692,-0.968278553076923,-0.978802973692308,-0.994123423538462,-0.984782782307692,-0.991316374615385
6,29,-0.984219555507246,-0.990240946666667,-0.987255149855072,-0.346789842753623,0.807535373478261,0.590452224057971,-0.972939889855073,-0.99424764884058,-0.98577817826087,-0.99200598942029,-0.989513565652174,-0.993288313333333,-0.99654254057971,-0.997081575652174,-0.995380794637681,-0.986626999275362,-0.989034304057971,-0.989473926666667,-0.983432309130435,-0.990680395362319,-0.986378776086957,-0.99254347826087,-0.990468082753623,-0.993107759855072
1,30,-0.346394275230769,-0.173550021692308,-0.120476783907692,0.965217551076923,-0.157673823846154,-0.00392556384476923,-0.979752466923077,-0.970176562153846,-0.943958420615385,-0.374400941384615,-0.270709274446154,-0.521351855076923,-0.460345386153846,-0.497621802307692,-0.476208796153846,-0.351402910907692,-0.193856663907692,-0.309558882615385,-0.344928112461538,-0.215634315369231,-0.0931447617846154,-0.415135398,-0.289466095323077,-0.575410267076923
2,30,-0.350504475230769,-0.127311157607692,0.0249468034966154,0.93182983,-0.226647292153846,-0.0221401100714154,-0.954033624307692,-0.914933936,-0.862402791230769,-0.535420203384615,-0.587214542923077,-0.761942025384615,-0.742749529538462,-0.743336958461538,-0.665150619230769,-0.420402828153846,-0.297813768569231,-0.36751984,-0.326260358153846,-0.104299180318462,0.121447414920923,-0.561565206615385,-0.610826602,-0.78475388
3,30,-0.0577703163548387,-0.0272628077709677,-0.217275690290323,0.958000491451613,-0.126710371903226,0.0288081674653226,-0.958890388709677,-0.918678752419355,-0.87766706,-0.226643901120968,-0.194656096556452,-0.467070153387097,-0.542764507096774,-0.613796303064516,-0.498882854032258,-0.106966957087097,-0.0216637054241935,-0.25806736666129,-0.0405257091567742,-0.0934682613774194,-0.257393372287097,-0.289802729403226,-0.217432019258065,-0.535515048387097
4,30,-0.983622744193548,-0.937857000806452,-0.950654041290323,0.825473836935484,0.114588392624871,0.34476602,-0.978364712258065,-0.959361306774194,-0.956635663064516,-0.988864577419355,-0.980420928387097,-0.988164381290323,-0.993868545483871,-0.992491322903226,-0.988124495645161,-0.985008785,-0.954076042258065,-0.966274090645161,-0.983231005483871,-0.933992577903226,-0.946203823387097,-0.990017564516129,-0.981902116451613,-0.988971211935484
5,30,-0.977559426949153,-0.891654527118644,-0.912850596949152,0.968556705084746,-0.100296804186441,0.0243044362542373,-0.996420919152542,-0.95814576338983,-0.949207368305085,-0.968430745254237,-0.957318881355932,-0.968897316101695,-0.960119074237288,-0.968135006271186,-0.970845670677966,-0.972014050847458,-0.919475121186441,-0.938089774915254,-0.980426575762712,-0.885572781694915,-0.907286793050847,-0.972216728644068,-0.960442360508475,-0.973954338305085
6,30,-0.976362515428571,-0.954201823857143,-0.967044236428571,-0.344737755285714,0.732661247714286,0.681459210714286,-0.979563942714286,-0.988930714857143,-0.983274524857143,-0.977463775571429,-0.971049778142857,-0.979517896142857,-0.983775833714286,-0.980357062142857,-0.980768874571429,-0.974789999285714,-0.959974274571429,-0.970321991714286,-0.977045260571429,-0.9535584,-0.967188198571429,-0.980350748142857,-0.972434196714286,-0.982281553142857
